20
   Відділ_1_Городоцька_355 	Відділ_2_Пластова_7	Відділ_3_Угорська_22	Відділ_4_Кульпарківська_93а	Відділ_7_Личаківська_7	Відділ_53_Богдана_Хмельницького_53	Відділ_60_Богдана_Хмельницького_60	Немирів_Ринок_22	Яворів_Маковея_62	Самбір_Клинівка_2а	Ходорів_Шевченка_13	Золочів_Тернопільська_7а	Броди_Лесі_Українки_55	Лопатин_Центральна_24а	New_Mail_Сокаль_площа_Січових_Стрільців_8/2	Жовква_Вокзальна_16	Рава_Руська__Коновальця_25/27	Перемишляни_Привокзальна_20	Городок_Городок_38	Стрий Григорія Коссака 6/58
   23.927250	24.065320	24.044780	23.989090	24.038400	24.028490	24.035410	23.434180	23.375310	23.223460	24.304560	24.906570	25.152680	24.845630	24.274650	23.989480	23.619970	24.555990	23.647970	23.866410
   49.821470	49.861150	49.809160	49.819420	49.839740	49.847080	49.852930	50.102150	49.936190	49.516560	49.411180	49.796720	50.082490	50.220840	50.481580	50.048770	50.238810	49.674400	49.781260	49.271150
    0	15.2	12.5	6.9	9.6	9	10.1	68.4	53.8	67.6	78.8	86.9	114	101	105	47.9	68	62.3	32	73.40
    15.2	0	10.2	11.3	6.7	5.1	3.7	83.1	60.1	95.7	76	72.2	103	89.7	82.2	28.3	62.2	47.5	44.9	86.6
    12.5	10.2	0	6.3	4.9	6.1	7.8	79.7	65.7	78.5	63.1	73.6	116	103	85.5	34.5	68.5	48.9	35.6	67.5
    6.9	11.3	6.3	0	4.8	5	6.1	71.5	56.9	70.7	73.3	83.4	109	95.9	88.4	34.4	68.1	56.7	26.7	67.9
    9.6	6.7	4.9	4.8	0	1.5	3	84.5	57.5	73.8	69.1	69.8	105	91.2	83.6	29.7	64	45.1	29.8	69.5
    9	5.1	6.1	5	1.5	0	1.1	82.3	55.9	74.6	70.5	74.8	104	90.8	83.2	29.3	63.3	50.1	30.7	70.1
    10.1	3.7	7.8	6.1	3	1.1	0	83	56.3	74.7	77.5	73.6	103	89.6	81.7	28.2	62.1	48.9	41.6	70.3
    68.4	83.1	79.7	71.5	84.5	82.3	83	0	19.9	105	138	153	159	129	92.5	54.8	22.3	128	64.80	132
    53.8	60.1	65.7	56.9	57.5	55.9	56.3	19.9	0	85.1	123	133	162	149	119	62.8	42.1	109	44.9	112
    67.6	95.7	78.5	70.7	73.8	74.6	74.7	105	85.1	0	104	144	186	173	155	98.6	127	119	48.6	64
    78.8	76	63.1	73.3	69.1	70.5	77.5	138	123	104	0	97.6	147	134	156	102	136	58.2	96	40.9
    86.9	72.2	73.6	83.4	69.8	74.8	73.6	153	133	144	97.6	0	41.6	71.5	135	98	134	41.1	105	138
    114	103	116	109	105	104	103	159	162	186	147	41.6	0	29	92.7	103	137	93.2	131	169
    101	89.7	103	95.9	91.2	90.8	89.6	129	149	173	134	71.5	29	0	63.2	94.6	108	77.5	120	174
    105	82.2	85.5	88.4	83.6	83.2	81.7	92.5	119	155	156	135	92.7	63.2	0	57.9	71.4	138	108	167
    47.9	28.3	34.5	34.4	29.7	29.3	28.2	54.8	62.8	98.6	102	98	103	94.6	57.9	0	34	73.5	51.7	114
    68	62.2	68.5	68.1	64	63.3	62.1	22.3	42.1	127	136	134	137	108	71.4	34	0	107	71.8	154
    62.3	47.5	48.9	56.7	45.1	50.1	48.9	128	109	119	58.2	41.1	93.2	77.5	138	73.5	107	0	86.2	114
    32	44.9	35.6	26.7	29.8	30.7	41.6	64.8	44.9	48.6	96	105	131	120	108	51.7	71.8	86.2	0	89.7
    73.40	86.6	67.5	67.9	69.5	70.1	70.3	132	112	64	40.9	138	169	174	167	114	154	114	89.7	0
